01101100
10001100
01100110
01101101
00111100
11001101
11101100
00111011
00110011
01101100
01100100
00011001
10010100
11100101
10111011
10111000
00111010
11011001
10010010
11111100
00010111
01000111
00011111
11000001
00110001
01010110
11001100
10011100
00110010
00011100
11011001
10011111
01101110
01100000
00010111
11000100
11111010
00101011
11111101
10100111
00011011
00011110
01101100
00100101
10111100
11010101
00110010
00000101
00110011
01011100
11000010
10010101
01001100
11101100
00001000
00000010
01101001
10101111
00111111
10010011
11111111
01111110
00110010
11100000
10011111