01110011
01100101
01100100
00100000
01100100
01101111
00100000
01100101
01101001
01110101
01110011
01101101
01101111
01100100
00100000
01110100
01100101
01101101
01110000
01101111
01110010
00100000
01101001
01101110
01100011
01101001
01100100
01101001
01100100
01110101
01101110
01110100
00100000
01110101
01110100
00100000
01101100
01100001
01100010
01101111
01110010
01100101
00100000
01100101
01110100
00100000
01100100
01101111
01101100
01101111
01110010
01100101
00100000
01101101
01100001
01100111
01101110
01100001
00100000
01100001
01101100
01101001
01110001
01110101
01100001